 60  61  -1  0  -1  3  4  5  6  7  8  9  10  11  12  13 
 59  -2147483648  -1  0  -1  2  3  4  5  6  7  8  9  10  11  12 
 58  -1  -1  -1  -1  1  -1  5  6  7  8  9  10  11  12  13 
 57  58  -1  4  -1  2147483647  -1  4  -1  8  9  10  11  12  13  14 
 56  -1  -1  3  2  1  2  3  -1  9  10  11  12  13  14  15 
 55  54  55  -1  -1  -1  -1  4  -1  8  9  10  -1  14  15  16 
 54  53  -1  55  56  57  -1  5  6  7  8  -1  16  15  16  17 
 53  52  53  54  55  56  -1  6  -1  8  -1  -1  17  16  17  18 
 52  51  52  53  54  55  -1  7  -1  9  10  11  -1  17  18  19 
 51  50  -1  -1  -1  -1  -1  8  9  10  11  12  13  -1  19  20 
 50  49  48  49  50  51  -1  9  10  11  12  13  14  -1  20  21 
 49  48  47  -1  51  52  -1  10  11  12  13  14  15  16  -1  22 
 48  47  46  45  -1  53  -1  11  12  13  14  15  16  17  -1  23 
 47  46  45  44  43  -1  -1  12  13  14  15  16  17  -1  25  24 
 46  45  44  43  42  41  -1  13  14  15  16  17  -1  -1  26  25 
 45  44  43  42  41  40  -1  14  15  16  17  18  -1  28  27  26 
 44  43  42  41  40  39  -1  -1  -1  -1  -1  -1  -1  29  28  27 
 43  42  41  40  39  38  37  36  35  34  33  32  31  30  29  28 
